-8140 -8140
-7560 -8140
-7560 -7560
-7560 -6980
-7560 -6400
-7560 -5820
-7560 -5240
-7560 -4660
-7560 -4080
-7560 -3500
-7560 -2920
-7560 -2340
-7560 -1760
-7560 -1180
-7560 -600
-7560 -20
-7560 560
-7560 1140
-7560 1720
-7560 2300
-7560 2880
-7560 3460
-7560 4040
-7560 4620
-7560 5200
-7560 5780
-7560 6360
-7560 6940
-7560 7520
-7560 8100
-6980 -8140
-6980 -7560
-6980 -6980
-6980 -6400
-6980 -5820
-6980 -5240
-6980 -4660
-6980 -4080
-6980 -3500
-6980 -2920
-6980 -2340
-6980 -1760
-6980 -1180
-6980 -600
-6980 -20
-6980 560
-6980 1140
-6980 1720
-6980 2300
-6980 2880
-6980 3460
-6980 4040
-6980 4620
-6980 5200
-6980 5780
-6980 6360
-6980 6940
-6980 7520
-6980 8100
-6400 -8140
-6400 -7560
-6400 -6980
-6400 -6400
-6400 -5820
-6400 -5240
-6400 -4660
-6400 -4080
-6400 -3500
-6400 -2920
-6400 -2340
-6400 -1760
-6400 -1180
-6400 -600
-6400 -20
-6400 560
-6400 1140
-6400 1720
-6400 2300
-6400 2880
-6400 3460
-6400 4040
-6400 4620
-6400 5200
-6400 5780
-6400 6360
-6400 6940
-6400 7520
-6400 8100
-5820 -8140
-5820 -7560
-5820 -6980
-5820 -6400
-5820 -5820
-5820 -5240
-5820 -4660
-5820 -4080
-5820 -3500
-5820 -2920
-5820 -2340
-5820 -1760
-5820 -1180
-5820 -600
-5820 -20
-5820 560
-5820 1140
-5820 1720
-5820 2300
-5820 2880
-5820 3460
-5820 4040
-5820 4620
-5820 5200
-5820 5780
-5820 6360
-5820 6940
-5820 7520
-5820 8100
-5240 -8140
-5240 -7560
-5240 -6980
-5240 -6400
-5240 -5820
-5240 -5240
-5240 -4660
-5240 -4080
-5240 -3500
-5240 -2920
-5240 -2340
-5240 -1760
-5240 -1180
-5240 -600
-5240 -20
-5240 560
-5240 1140
-5240 1720
-5240 2300
-5240 2880
-5240 3460
-5240 4040
-5240 4620
-5240 5200
-5240 5780
-5240 6360
-5240 6940
-5240 7520
-5240 8100
-4660 -8140
-4660 -7560
-4660 -6980
-4660 -6400
-4660 -5820
-4660 -5240
-4660 -4660
-4660 -4080
-4660 -3500
-4660 -2920
-4660 -2340
-4660 -1760
-4660 -1180
-4660 -600
-4660 -20
-4660 560
-4660 1140
-4660 1720
-4660 2300
-4660 2880
-4660 3460
-4660 4040
-4660 4620
-4660 5200
-4660 5780
-4660 6360
-4660 6940
-4660 7520
-4660 8100
-4080 -8140
-4080 -7560
-4080 -6980
-4080 -6400
-4080 -5820
-4080 -5240
-4080 -4660
-4080 -4080
-4080 -3500
-4080 -2920
-4080 -2340
-4080 -1760
-4080 -1180
-4080 -600
-4080 -20
-4080 560
-4080 1140
-4080 1720
-4080 2300
-4080 2880
-4080 3460
-4080 4040
-4080 4620
-4080 5200
-4080 5780
-4080 6360
-4080 6940
-4080 7520
-4080 8100
-3500 -8140
-3500 -7560
-3500 -6980
-3500 -6400
-3500 -5820
-3500 -5240
-3500 -4660
-3500 -4080
-3500 -3500
-3500 -2920
-3500 -2340
-3500 -1760
-3500 -1180
-3500 -600
-3500 -20
-3500 560
-3500 1140
-3500 1720
-3500 2300
-3500 2880
-3500 3460
-3500 4040
-3500 4620
-3500 5200
-3500 5780
-3500 6360
-3500 6940
-3500 7520
-3500 8100
-2920 -8140
-2920 -7560
-2920 -6980
-2920 -6400
-2920 -5820
-2920 -5240
-2920 -4660
-2920 -4080
-2920 -3500
-2920 -2920
-2920 -2340
-2920 -1760
-2920 -1180
-2920 -600
-2920 -20
-2920 560
-2920 1140
-2920 1720
-2920 2300
-2920 2880
-2920 3460
-2920 4040
-2920 4620
-2920 5200
-2920 5780
-2920 6360
-2920 6940
-2920 7520
-2920 8100
-2340 -8140
-2340 -7560
-2340 -6980
-2340 -6400
-2340 -5820
-2340 -5240
-2340 -4660
-2340 -4080
-2340 -3500
-2340 -2920
-2340 -2340
-2340 -1760
-2340 -1180
-2340 -600
-2340 -20
-2340 560
-2340 1140
-2340 1720
-2340 2300
-2340 2880
-2340 3460
-2340 4040
-2340 4620
-2340 5200
-2340 5780
-2340 6360
-2340 6940
-2340 7520
-2340 8100
-1760 -8140
-1760 -7560
-1760 -6980
-1760 -6400
-1760 -5820
-1760 -5240
-1760 -4660
-1760 -4080
-1760 -3500
-1760 -2920
-1760 -2340
-1760 -1760
-1760 -1180
-1760 -600
-1760 -20
-1760 560
-1760 1140
-1760 1720
-1760 2300
-1760 2880
-1760 3460
-1760 4040
-1760 4620
-1760 5200
-1760 5780
-1760 6360
-1760 6940
-1760 7520
-1760 8100
-1180 -8140
-1180 -7560
-1180 -6980
-1180 -6400
-1180 -5820
-1180 -5240
-1180 -4660
-1180 -4080
-1180 -3500
-1180 -2920
-1180 -2340
-1180 -1760
-1180 -1180
-1180 -600
-1180 -20
-1180 560
-1180 1140
-1180 1720
-1180 2300
-1180 2880
-1180 3460
-1180 4040
-1180 4620
-1180 5200
-1180 5780
-1180 6360
-1180 6940
-1180 7520
-1180 8100
-600 -8140
-600 -7560
-600 -6980
-600 -6400
-600 -5820
-600 -5240
-600 -4660
-600 -4080
-600 -3500
-600 -2920
-600 -2340
-600 -1760
-600 -1180
-600 -600
-600 -20
-600 560
-600 1140
-600 1720
-600 2300
-600 2880
-600 3460
-600 4040
-600 4620
-600 5200
-600 5780
-600 6360
-600 6940
-600 7520
-600 8100
-20 -8140
-20 -7560
-20 -6980
-20 -6400
-20 -5820
-20 -5240
-20 -4660
-20 -4080
-20 -3500
-20 -2920
-20 -2340
-20 -1760
-20 -1180
-20 -600
-20 -20
-20 560
-20 1140
-20 1720
-20 2300
-20 2880
-20 3460
-20 4040
-20 4620
-20 5200
-20 5780
-20 6360
-20 6940
-20 7520
-20 8100
560 -8140
560 -7560
560 -6980
560 -6400
560 -5820
560 -5240
560 -4660
560 -4080
560 -3500
560 -2920
560 -2340
560 -1760
560 -1180
560 -600
560 -20
560 560
560 1140
560 1720
560 2300
560 2880
560 3460
560 4040
560 4620
560 5200
560 5780
560 6360
560 6940
560 7520
560 8100
1140 -8140
1140 -7560
1140 -6980
1140 -6400
1140 -5820
1140 -5240
1140 -4660
1140 -4080
1140 -3500
1140 -2920
1140 -2340
1140 -1760
1140 -1180
1140 -600
1140 -20
1140 560
1140 1140
1140 1720
1140 2300
1140 2880
1140 3460
1140 4040
1140 4620
1140 5200
1140 5780
1140 6360
1140 6940
1140 7520
1140 8100
1720 -8140
1720 -7560
1720 -6980
1720 -6400
1720 -5820
1720 -5240
1720 -4660
1720 -4080
1720 -3500
1720 -2920
1720 -2340
1720 -1760
1720 -1180
1720 -600
1720 -20
1720 560
1720 1140
1720 1720
1720 2300
1720 2880
1720 3460
1720 4040
1720 4620
1720 5200
1720 5780
1720 6360
1720 6940
1720 7520
1720 8100
2300 -8140
2300 -7560
2300 -6980
2300 -6400
2300 -5820
2300 -5240
2300 -4660
2300 -4080
2300 -3500
2300 -2920
2300 -2340
2300 -1760
2300 -1180
2300 -600
2300 -20
2300 560
2300 1140
2300 1720
2300 2300
2300 2880
2300 3460
2300 4040
2300 4620
2300 5200
2300 5780
2300 6360
2300 6940
2300 7520
2300 8100
2880 -8140
2880 -7560
2880 -6980
2880 -6400
2880 -5820
2880 -5240
2880 -4660
2880 -4080
2880 -3500
2880 -2920
2880 -2340
2880 -1760
2880 -1180
2880 -600
2880 -20
2880 560
2880 1140
2880 1720
2880 2300
2880 2880
2880 3460
2880 4040
2880 4620
2880 5200
2880 5780
2880 6360
2880 6940
2880 7520
2880 8100
3460 -8140
3460 -7560
3460 -6980
3460 -6400
3460 -5820
3460 -5240
3460 -4660
3460 -4080
3460 -3500
3460 -2920
3460 -2340
3460 -1760
3460 -1180
3460 -600
3460 -20
3460 560
3460 1140
3460 1720
3460 2300
3460 2880
3460 3460
3460 4040
3460 4620
3460 5200
3460 5780
3460 6360
3460 6940
3460 7520
3460 8100
4040 -8140
4040 -7560
4040 -6980
4040 -6400
4040 -5820
4040 -5240
4040 -4660
4040 -4080
4040 -3500
4040 -2920
4040 -2340
4040 -1760
4040 -1180
4040 -600
4040 -20
4040 560
4040 1140
4040 1720
4040 2300
4040 2880
4040 3460
4040 4040
4040 4620
4040 5200
4040 5780
4040 6360
4040 6940
4040 7520
4040 8100
4620 -8140
4620 -7560
4620 -6980
4620 -6400
4620 -5820
4620 -5240
4620 -4660
4620 -4080
4620 -3500
4620 -2920
4620 -2340
4620 -1760
4620 -1180
4620 -600
4620 -20
4620 560
4620 1140
4620 1720
4620 2300
4620 2880
4620 3460
4620 4040
4620 4620
4620 5200
4620 5780
4620 6360
4620 6940
4620 7520
4620 8100
5200 -8140
5200 -7560
5200 -6980
5200 -6400
5200 -5820
5200 -5240
5200 -4660
5200 -4080
5200 -3500
5200 -2920
5200 -2340
5200 -1760
5200 -1180
5200 -600
5200 -20
5200 560
5200 1140
5200 1720
5200 2300
5200 2880
5200 3460
5200 4040
5200 4620
5200 5200
5200 5780
5200 6360
5200 6940
5200 7520
5200 8100
5780 -8140
5780 -7560
5780 -6980
5780 -6400
5780 -5820
5780 -5240
5780 -4660
5780 -4080
5780 -3500
5780 -2920
5780 -2340
5780 -1760
5780 -1180
5780 -600
5780 -20
5780 560
5780 1140
5780 1720
5780 2300
5780 2880
5780 3460
5780 4040
5780 4620
5780 5200
5780 5780
5780 6360
5780 6940
5780 7520
5780 8100
6360 -8140
6360 -7560
6360 -6980
6360 -6400
6360 -5820
6360 -5240
6360 -4660
6360 -4080
6360 -3500
6360 -2920
6360 -2340
6360 -1760
6360 -1180
6360 -600
6360 -20
6360 560
6360 1140
6360 1720
6360 2300
6360 2880
6360 3460
6360 4040
6360 4620
6360 5200
6360 5780
6360 6360
6360 6940
6360 7520
6360 8100
6940 -8140
6940 -7560
6940 -6980
6940 -6400
6940 -5820
6940 -5240
6940 -4660
6940 -4080
6940 -3500
6940 -2920
6940 -2340
6940 -1760
6940 -1180
6940 -600
6940 -20
6940 560
6940 1140
6940 1720
6940 2300
6940 2880
6940 3460
6940 4040
6940 4620
6940 5200
6940 5780
6940 6360
6940 6940
6940 7520
6940 8100
7520 -8140
7520 -7560
7520 -6980
7520 -6400
7520 -5820
7520 -5240
7520 -4660
7520 -4080
7520 -3500
7520 -2920
7520 -2340
7520 -1760
7520 -1180
7520 -600
7520 -20
7520 560
7520 1140
7520 1720
7520 2300
7520 2880
7520 3460
7520 4040
7520 4620
7520 5200
7520 5780
7520 6360
7520 6940
7520 7520
7520 8100
8100 -8140
8100 -7560
8100 -6980
8100 -6400
8100 -5820
8100 -5240
8100 -4660
8100 -4080
8100 -3500
8100 -2920
8100 -2340
8100 -1760
8100 -1180
8100 -600
8100 -20
8100 560
8100 1140
8100 1720
8100 2300
8100 2880
8100 3460
8100 4040
8100 4620
8100 5200
8100 5780
8100 6360
8100 6940
8100 7520
8100 8100
8140 8140